3,2
3,1
3,3
10,274
10,68
10,10
10,72
10,298
10,156
10,110
8,12
8,6
8,2
8,3
59,3
59,1
20,3
20,2
20,1
19,3
19,2
19,1
12,3
12,2
12,1
11,28
11,27
11,26
11,25
11,24
11,23
11,22
11,21
11,20
11,19
11,18
11,17
11,16
11,15
11,14
11,13
11,12
11,11
11,10
11,9
11,8
11,7
11,6
11,5
11,4
11,3
11,2
11,1
10,301
10,297
10,295
10,291
10,281
10,279
10,278
10,277
10,271
10,269
10,261
10,257
10,249
10,247
10,229
10,227
10,219
10,217
10,207
10,205
10,187
10,159
18,1
10,147
18,3
10,145
10,141
10,139
10,129
10,126
10,120
10,115
14,1
10,114
14,3
10,95
13,1
10,92
13,3
10,80
10,71
10,30
10,9
10,8
10,3
10,2
10,1
9,7
9,6
